,2021-01-23,2021-01-30,2021-02-06,2021-02-13,2021-02-20,2021-02-27,2021-03-06,2021-03-13,2021-03-20,2021-03-27,2021-04-03,2021-04-10,2021-04-17,2021-04-24,2021-05-01,2021-05-08,2021-05-15,2021-05-22
EUFH_BIOCOMSC_Gompertz,,,,,,,,,,,,,,,,,,
EUFH_EuroCOVIDhub_ensemble,,,,,,,,,,,564.75,485.5,501.75,1550.5,220.5,89.25,165.75,196.0
EUFH_FIAS_FZJ_Epi1Ger,,,,,,,,,,,,,,,,,,
EUFH_HZI_AgeExtendedSEIR,,,,,,,,,,,,,,,,,,
EUFH_ICM_agentModel,,,,,,,,,,,,,,,,,,
EUFH_IEM_Health_CovidProject,,,,,,,,,,,773.0,472.75,623.75,90.75,43.5,256.75,60.5,330.0
EUFH_ILM_EKF,,,,,,,,,,,535.75,514.5,597.75,5564.25,1010.5,321.0,515.0,448.25
EUFH_ITWW_county_repro,,,,,,,,,,,,,,,,,,
EUFH_Imperial_DeCa,,,,,,,,,,,,,,,,,,
EUFH_Imperial_RtI0,,,,,,,,,,,,,,,,,,
EUFH_Imperial_sbkp,,,,,,,,,,,,,,,,,,
EUFH_Karlen_pypm,,,,,,,,,,,,,,,,,,
EUFH_LANL_GrowthRate,,,,,,,844.0,296.0,288.75,566.0,503.5,500.25,528.5,659.25,100.0,188.5,199.0,132.75
EUFH_LeipzigIMISE_SECIR,,,,,,,,,,,,,,,,,,
EUFH_MIMUW_StochSEIR,,,,,,,,,,,,,,,,,,
EUFH_MIT_CovidAnalytics_DELPHI,,,,,,,,,,,,,,,,,,
EUFH_MOCOS_agent1,,,,,,,,,,,,,,,,,,
EUFH_MUNI_ARIMA,,,,,,,,,,,,,,,,,,
EUFH_MUNI_DMS_SEIAR,,,,,,,,,,,,,,,,,,
EUFH_PL_GRedlarski_DistrictsSum,,,,,,,,,,,,,,,,,,
EUFH_Priesemann_bayes,,,,,,,,,,,,,,,,,,
EUFH_RobertWalraven_ESG,,,,,,,,,,642.25,511.25,543.75,597.5,235.5,98.5,335.25,443.75,272.75
EUFH_SDSC_ISG_TrendModel,,,,,,,,,,,,,,,,,,
EUFH_UB_BSLCoV,,,,,,,,,,,,,,,,,,
EUFH_UMass_MechBayes,,,,,,,,,,,,,,,228.75,585.75,531.0,767.0
EUFH_UMass_SemiMech,,,,,,,,,,,,,,,73.5,986.25,87.75,163.25
EUFH_UNED_PreCoV2,,,,,,,,,,,,,,,,,,
EUFH_UNIPV_BayesINGARCHX,,,,,,,,,,,,,,,,,,
EUFH_USyd_OneModelMan,,,,,,,,,,,,,,2009.5,102.0,103.75,94.5,234.5
EUFH_UVA_Ensemble,,,,,,,,,,,,,,,,,,
EUFH_UpgUmibUsi_MultiBayes,,,,,,,,,,,,,,,,,,
EUFH_bisop_seirfilter,,,,,,,,,,,,,,,,,,
EUFH_bisop_seirfilterlite,,,,,,,,,,,,,,,365.0,313.25,295.0,
EUFH_epiforecasts_EpiExpert,,,,,,,,,,,908.0,520.75,450.75,,,,736.5,160.5
EUFH_epiforecasts_EpiExpert_Rt,,,,,,,,,,,,,,,,,257.75,
EUFH_epiforecasts_EpiExpert_direct,,,,,,,,,,,,,,,,,,160.5
EUFH_epiforecasts_EpiNow2,,,,,,,,,,,510.5,410.75,508.0,435.75,,,613.5,196.75
EUFH_itwm_dSEIR,,,,,,,,,,,,,,,,,,
USC_SIkJalpha,,,,,,,,,,,564.0,445.5,572.75,1040.75,605.5,159.25,202.25,287.0
baseline,,,,,,,776.0,1483.25,901.75,603.5,908.0,592.5,376.75,1454.75,58.5,25.5,63.5,180.5
